# a0	a1	a2	a3
      0.0000	      0.0000	      0.0000	      0.0000
      0.0000	      0.0000	      0.0000	      0.0000
      0.0000	      0.0000	      0.0000	      0.0000
      0.0000	      0.0000	      0.0000	      0.0000
      0.0000	      0.0000	     -9.1526	      0.0000
      0.0000	      0.0000	      0.0000	      0.0000
      0.0000	      0.0000	      0.0000	      0.0000
      0.0000	      0.0000	      0.0000	      0.0000
      0.0000	      0.0000	      0.0000	      0.0000
      0.0000	      0.0000	      0.0000	      0.0000
      0.0000	      0.0000	      0.0000	      0.0000
      0.0000	      0.0000	     -4.4724	      0.0000
      0.0000	      0.0000	      0.0000	      0.0000
      0.0000	      0.0000	      0.0000	      0.0000
      0.0000	      0.0000	      0.0000	      0.0000
      0.0000	      0.0000	      0.0000	      0.0000
     -1.6374	     -1.0679	      0.0000	     -3.1694
      0.0000	      0.0000	      0.0000	      0.0000
      0.0000	      0.0000	      0.0000	      0.0000
      0.0000	      0.0000	      0.0000	      0.0000
      0.0000	      0.0000	      0.0000	      0.0000
      0.0000	      0.0000	      0.0000	      0.0000
      0.0000	      0.0000	      0.0000	      0.0000
      0.0000	      0.0000	      0.0000	      0.0000
      0.0000	      0.0000	      0.0000	      0.0000
      0.0000	      0.0000	      0.0000	      0.0000
      0.0000	      0.0000	      0.0000	      0.0000
      0.0000	      0.0000	      0.0000	      0.0000
      0.0000	      0.0000	      0.0000	      0.0000
      0.0000	      0.0000	      0.0000	      0.0000
      0.0000	      0.0000	      0.0000	      0.0000
     -5.7403	     -4.6383	     -7.2806	     -1.6375
      0.0000	      0.0000	      0.0000	      0.0000
      0.0000	      0.0000	      0.0000	      0.0000
      0.0000	      0.0000	      0.0000	      0.0000
      0.0000	      0.0000	      0.0000	      0.0000
      0.0000	      0.0000	      0.0000	      0.0000
      0.0000	      0.0000	      0.0000	      0.0000
      0.0000	      0.0000	      0.0000	      0.0000
      0.0000	      0.0000	      0.0000	      0.0000
     -1.2171	     -0.0242	     -4.5249	      0.0000
      0.0000	      0.0000	      0.0000	      0.0000
      0.0000	      0.0000	      0.0000	      0.0000
      0.0000	      0.0000	      0.0000	      0.0000
      0.0000	      0.0000	      0.0000	      0.0000
      0.0000	      0.0000	      0.0000	      0.0000
      0.0000	      0.0000	      0.0000	      0.0000
      0.0000	      0.0000	      0.0000	      0.0000
      0.0000	      0.0000	      0.0000	      0.0000
      0.0000	      0.0000	      0.0000	      0.0000
      0.0000	      0.0000	      0.0000	      0.0000
      0.0000	      0.0000	      0.0000	      0.0000
      0.0000	      0.0000	      0.0000	      0.0000
      0.0000	      0.0000	      0.0000	      0.0000
      0.0000	      0.0000	      0.0000	      0.0000
      0.0000	      0.0000	      0.0000	      0.0000
      0.0000	      0.0000	      0.0000	      0.0000
      0.0000	      0.0000	      0.0000	      0.0000
      0.0000	      0.0000	      0.0000	      0.0000
      0.0000	      0.0000	      0.0000	      0.0000
      0.0000	      0.0000	      0.0000	      0.0000
      0.0000	      0.0000	      0.0000	      0.0000
      0.0000	      0.5004	      0.0000	      0.0000
      0.0000	      0.0000	      0.0000	      0.0000
      0.0000	      0.0000	    -12.0335	     -0.0620
      0.0000	      0.0000	      0.0000	      0.0000
      0.0000	      0.0000	      0.0000	      0.0000
      0.0000	      0.4609	      0.0000	      0.0000
      0.0000	      0.0000	      0.0000	      0.0000
      0.0000	      0.0000	      0.0000	      0.0000
      0.0000	      0.0000	      0.0000	      0.0000
      0.0000	      0.0000	      0.0000	      0.0000
      0.0000	      0.0000	      0.0000	      0.0000
      0.0000	      0.0000	      0.0000	      0.0000
      0.0000	      0.0000	      0.0000	      0.0000
      0.0000	      0.0000	      0.0000	      0.0000
      0.0000	      0.0000	      0.0000	      0.0000
      0.0000	      0.0000	      0.0000	      0.0000
      0.0000	      0.0000	      0.0000	      0.0000
      0.0000	      0.0000	      0.0000	      0.0000
      0.0000	      0.0000	      0.0000	      0.0000
      0.0000	      0.0000	      0.0000	      0.0000
      0.0000	      0.0000	      0.0000	      0.0000
      0.0000	      0.0000	      0.0000	      0.0000
      0.0000	      0.0000	      0.0000	      0.0000
      0.0000	      0.0000	      0.0000	      0.0000
      0.0000	      0.0000	      0.0000	      0.0000
      0.0000	      0.0000	      0.0000	      0.0000
      0.0000	      0.0000	      0.0000	      0.0000
      0.0000	      0.0000	      0.0000	      0.0000
      0.0000	      0.0000	      0.0000	      0.0000
     -1.2409	      0.0000	    -12.3107	     -2.8872
      0.0000	      0.0000	      0.0000	      0.0000
      0.0000	      0.0000	      0.0000	      0.0000
      0.0000	      0.0000	      0.0000	     -3.8788
      0.0000	      0.0000	      0.0000	      0.0000
      0.0000	     -3.0309	      0.0000	      0.0000
      0.0000	      0.0000	      0.0000	      0.0000
      0.0000	      0.0000	      0.0000	      0.0000
      0.0000	      0.0000	      0.0000	      0.0000
      0.0000	      0.0000	      0.0000	     -1.7808
      0.0000	      0.0000	      0.0000	      0.0000
      0.0000	      0.0000	      0.0000	      0.0000
      0.0000	      0.0000	      0.0000	      0.0000
      0.0000	      0.0000	      0.0000	      0.0000
      0.0000	      0.0000	      0.0000	      0.0000
      0.0000	      0.0000	      0.0000	      0.0000
      0.0000	      0.0000	      0.0000	      0.0000
      0.0000	      0.0000	      0.0000	      0.0000
      0.0000	      0.0000	      3.3136	      0.0000
      0.0000	      0.0000	      0.0000	      0.0000
      0.0000	      0.0000	      0.0000	      0.0000
     -3.7717	    -13.3006	      0.0000	     -8.9395
      0.0000	      0.0000	      0.0000	      0.0000
      0.0000	      0.0000	      0.0000	      0.0000
      0.0000	      0.0000	      0.0000	      0.0000
      0.0000	      0.0000	      0.0000	      0.0000
      0.0000	      0.0000	      0.0000	      0.0000
      0.0000	      0.0000	      0.0000	      0.0000
     -2.6346	      0.0000	      0.0000	      0.0000
     -0.8871	     -0.5231	      0.0000	      0.0000
      0.0000	      0.0000	      0.0000	      0.0000
      0.0000	      0.0000	      0.0000	      0.0000
      0.0000	      0.0000	      0.0000	      0.0000
      0.0000	      0.0000	      0.0000	      0.0000
      0.0000	      0.0000	      0.0000	      0.0000
      0.0000	      0.0000	      0.0000	      0.0000
      0.0000	      0.0000	      0.0000	      0.0000
      0.0000	      0.0000	      0.0000	      0.0000
      0.0000	      0.0000	      0.0000	      0.0000
      0.0000	      0.0000	      0.0000	      0.0000
      0.0000	      0.0000	      0.0000	      0.0000
      0.0000	      0.0000	      0.0000	      0.0000
      0.0000	      0.0000	      0.0000	      0.0000
      0.0000	      0.0000	      0.0000	      0.0000
      0.0000	      0.0000	      0.0000	      0.0000
     -8.1076	     -3.0867	     -7.7786	     -5.6122
      0.0000	      0.0000	      0.0000	      0.0000
      0.0000	      0.0000	      0.0000	      0.0000
      0.0000	      0.0000	      0.0000	      0.0000
      0.0000	      0.0000	      0.0000	      0.0000
      0.0000	     -8.6098	      0.0000	      0.0571
      0.0000	      0.0000	      0.0000	      0.0000
      0.0000	      0.0000	      0.0000	      0.0000
      0.0000	      0.0000	      0.0000	      0.0000
      0.0000	      0.0000	      0.0000	      0.0000
      0.0000	      0.0000	      0.0000	      0.0000
      0.0000	      0.0000	      0.0000	      0.0000
      0.0000	      0.0000	      0.0000	      0.0000
      0.0000	      0.0000	      0.0000	      0.0000
      0.0000	      0.0000	      0.0000	      0.0000
      0.0000	      0.0000	      0.0000	      0.0000
      0.0000	      0.0000	      0.0000	      0.0000
      0.0000	      0.0000	      0.0000	      0.0000
      0.0000	      0.0000	      0.0000	      0.0000
      0.0000	      0.0000	      0.0000	      0.0000
      0.0000	      0.0000	      0.0000	      0.0000
      0.0000	      0.0000	      0.0000	      0.0000
      0.0000	      0.0000	      0.0000	      0.0000
      0.0000	      0.0000	      0.0000	      0.0000
      0.0000	      0.0000	      0.0000	      0.0000
      0.0000	      0.0000	      0.0000	      0.0000
     -1.3576	      0.0000	     -7.9934	      0.0000
      0.0000	      0.0000	      0.0000	      0.0000
      0.0000	      0.0000	      0.0000	      0.0000
      0.0000	      0.0000	      0.0000	      0.0000
      0.0000	      0.0000	      0.0000	      0.0000
      0.0000	      0.0000	      0.0000	      0.0000
      0.0000	      0.0000	      0.0000	      0.0000
      0.0000	      0.0000	      0.0000	      0.0000
      0.0000	      0.0000	      0.0000	      0.0000
      0.0000	      0.0000	      0.0000	      0.0000
      0.0000	      0.0000	      0.0000	      0.0000
      0.0000	      0.0000	      0.0000	      0.0000
      0.0000	      0.0000	      0.0000	      0.0000
      0.0000	      0.0000	      0.0000	      0.0000
      0.0000	      0.0000	      0.0000	      0.0000
      0.0000	      0.0000	      0.0000	      0.0000
      0.0000	      0.0000	      0.0000	      0.0000
      0.0000	      0.0000	      0.0000	      0.0000
      0.0000	      0.0000	      0.0000	      0.0000
      0.0000	      0.0000	      0.0000	      0.0000
      0.0000	      0.0000	      0.0000	      0.0000
      0.0000	      0.0000	      0.0000	      0.0000
      0.0000	      0.0000	      0.0000	      0.0000
      0.0000	      0.0000	      0.0000	      0.0000
      0.0000	      0.0000	      0.0000	      0.0000
      0.0000	      0.0000	      0.0000	      0.0000
      0.0000	      0.0000	      0.0000	      0.0000
      0.0000	      0.0000	      0.0000	      0.0000
      0.2068	    -21.0828	      0.0000	      0.0000
      0.0000	      0.0000	      0.0000	      0.0000
      0.0000	      0.0000	      0.0000	      0.0000
      0.0000	     -0.4328	     -4.2710	      0.0000
      0.0000	      0.0000	      0.0000	      0.0000
      0.0000	      0.0000	      0.0000	      0.0000
      0.0000	     -0.0074	     -5.3508	      0.0000
      0.0000	      0.0000	      0.0000	      0.0000
      0.0000	      0.0000	      0.0000	      0.0000
      0.0000	      0.0000	      0.0000	      0.0000
      0.0000	      0.0000	      0.0000	      0.0000
      0.0000	      0.0000	      0.0000	      0.0000
      0.0000	      0.0000	      0.0000	      0.0000
      0.0000	      0.0000	      0.0000	      0.0000
     -4.4743	     -1.5689	     -6.6380	     -2.5330
      0.0000	      0.0000	      0.0000	      0.0000
      0.0000	     -0.6680	      0.0000	      0.0000
      0.0000	      0.0000	      0.0000	      0.0000
      0.0000	      0.0000	      0.0000	      0.0000
      0.0000	      0.0000	      0.0000	      0.0000
      0.0000	      0.0000	      0.0000	      0.0000
      0.0000	      0.0000	      0.0000	      0.0000
      0.0000	      0.0000	      0.0000	      0.0000
      0.0000	      0.0000	      0.0000	      0.0000
      0.0000	      0.0000	      0.0000	      0.0000
      0.0000	      0.0000	      0.0000	      0.0000
      0.0000	      0.0000	      0.0000	      0.0000
      0.0000	     -0.7424	      0.1771	     -0.9685
      0.0000	      0.0000	      0.0000	      0.0000
      0.0000	      0.0000	      0.0000	      0.0000
      0.0000	      0.0000	      0.0000	      0.0000
      0.0000	      0.0000	      0.0000	      0.0000
      0.0000	      0.0000	      0.0000	      0.0000
      0.0000	      0.0000	     -7.4472	      0.0000
      0.0000	      0.0000	      0.0000	      0.0000
      0.0000	      0.0000	      0.0000	      0.0000
      0.0000	      0.0000	      0.0000	      0.0000
      0.0000	      0.0000	      0.0000	      0.0000
      0.0000	      0.0000	      0.0000	      0.0000
      0.0000	      0.0000	      0.0000	      0.0000
      0.0000	      0.0000	      0.0000	      0.0000
      0.0000	      0.0000	      0.0000	      0.0000
      0.0000	      0.0000	      0.0000	      0.0000
      0.0000	      0.0000	     -5.8463	      0.0000
      0.0000	      0.0000	      0.0000	      0.0000
      0.0000	      0.0000	      0.0000	      0.0000
      0.0000	      0.0000	      0.0000	      0.0000
      0.0000	      0.0000	      0.0000	      0.0000
      0.0000	      0.0000	      0.0000	      0.0000
      0.0000	      0.0000	      0.0000	      0.0000
      0.0000	      0.0000	      0.0000	      0.0000
      0.0000	      0.0000	      0.0000	      0.0000
      0.0000	      0.0000	      0.0000	      0.0000
      0.0000	      0.0000	      0.0000	      0.0000
    -34.3495	      0.0000	    -14.8927	      0.0000
      0.0000	      0.0000	      0.0000	      0.0000
      0.2211	      0.3486	      0.0000	      1.2203
      0.0000	      0.0000	      0.0000	      0.0000
      0.0000	      0.0000	      0.0000	      0.0000
      0.0000	      0.0000	      0.0000	      0.0000
      0.0000	      0.0000	      0.0000	     -4.2828
     -6.6183	    -33.2574	     -9.6504	     -7.1767
      0.0000	      0.0000	      0.0000	      0.0000
      0.0000	      0.0000	      0.0000	      0.0000
      0.0000	      0.0000	      0.0000	      0.0000
      0.0000	      0.0000	      0.0000	      0.0000
