# a0	a1	a2	a3
      0.0000	      0.0000	      0.0000	      0.0000
      0.0000	      0.0000	      0.0000	      0.0000
      0.0000	      0.0000	      0.0000	      0.0000
      0.0000	      0.0000	      0.0000	      0.0000
      0.0000	      0.0000	      0.0000	      0.0000
      0.0000	      0.0000	      0.0000	      0.0000
      0.0000	      0.0000	      0.0000	      0.0000
      0.0000	      0.0000	      0.0000	      0.0000
      0.0000	      0.0000	      0.0000	      0.0000
      0.0000	      0.0000	      0.0000	      0.0000
     -0.6929	     -3.5849	      0.0000	      1.4677
      0.0000	      0.0000	      0.0000	      0.0000
      0.0000	      0.0000	      0.0000	      0.0000
      0.0000	      0.0000	      0.0000	      0.0000
      0.0000	      0.0000	      0.0000	      0.0000
      0.0000	      0.0000	      0.0000	      0.0000
      0.0000	      0.0000	      0.0000	      0.0000
      0.0000	      0.0000	      0.0000	      0.0000
      0.0000	      0.0000	      0.0000	      0.0000
      0.0000	      0.0000	      0.0000	      0.0000
      0.0000	      0.0000	      0.0000	      0.0000
      0.0000	      0.0000	      0.0000	      0.0000
      0.0000	      0.0000	      0.0000	      0.0000
      0.0000	    -13.4954	    -23.2476	     -4.6955
      0.0000	      0.0000	      0.0000	      0.0000
      0.0000	      0.0000	      0.0000	      0.0000
      0.0000	      0.0000	      0.0000	      0.0000
      0.0000	      0.0000	      0.0000	      0.0000
    -10.4765	     -4.1509	     -9.0442	     -2.7790
      0.0000	      0.0000	      0.0000	      0.0000
      0.0000	      0.0000	      0.0000	      0.0000
      0.0000	      0.0000	      0.0000	      0.0000
      0.0000	      0.0000	      0.0000	      0.0000
      0.0000	      0.0000	      0.0000	      0.0000
      0.0000	      0.0000	      0.0000	      0.0000
      0.0000	      0.0000	      0.0000	      0.0000
      0.0000	      0.0000	      0.0000	      0.0000
      0.0000	      0.0000	      0.0000	      0.0000
      0.0000	      0.0000	      0.0000	      0.0000
    -12.0582	      0.0000	     -3.5087	      0.0000
      0.0000	      0.0000	      0.0000	      0.0000
      0.0000	      0.0000	      0.0000	      0.0000
      0.0000	      0.0000	      0.0000	      0.0000
      0.0000	      0.0000	      0.0000	      0.0000
      0.0000	      0.0000	      0.0000	     -8.2230
      0.0000	      0.0000	      0.0000	      0.0000
      0.0000	      0.0000	      0.0000	      0.0000
      0.0000	      0.0000	      0.0000	      0.0000
      0.0000	      0.0000	      0.0000	      0.0000
      0.0000	      0.0000	      0.0000	      0.0000
      0.0000	      0.0000	      0.0000	      0.0000
      0.0000	      0.0000	      0.0000	      0.0000
      0.0000	      0.0000	      0.0000	      0.0000
      0.0000	     -6.4167	     -7.3510	      0.0000
      0.0000	      0.0000	      0.0000	      0.0000
      0.0000	      0.0000	      0.0000	      0.0000
      0.0000	      0.0000	      0.0000	      0.0000
      0.0000	      0.0000	      0.0000	      0.0000
      0.0000	      0.0000	      0.0000	      0.0000
      0.0000	      0.0000	      0.0000	      0.0000
      0.0000	      0.0000	      0.0000	      0.0000
      0.0000	      0.0000	      0.0000	      0.0000
      0.0000	      0.0000	      0.0000	      0.0000
      0.0000	      0.0000	      0.0000	      0.0000
      0.0000	      0.0000	      0.0000	      0.0000
      0.0000	     -1.4937	      0.0000	      0.0000
      0.0000	     -8.9472	      0.0000	      0.0000
      0.0000	      0.0000	      0.0000	      0.0000
      0.0000	      0.0000	      0.0000	      0.0000
      0.0000	      0.0000	      0.0000	      0.0000
      0.0000	      0.0000	      0.0000	      0.0000
      0.0000	      0.0000	      0.0000	      0.0000
      0.0000	      0.0000	      0.0000	      0.0000
      0.0000	      0.0000	      0.0000	      0.0000
      0.0000	      0.0000	      0.0000	      0.0000
      0.0000	      0.0000	    -10.7125	      0.0000
      0.0000	      0.0000	      0.0000	      0.0000
      0.0000	      0.0000	      0.0000	      0.0000
      0.0000	      0.0000	      0.0000	      0.0000
      0.0000	      0.0000	      0.0000	      0.0000
      0.0000	      0.0000	      0.0000	      0.0000
      0.0000	      0.0000	      0.0000	      0.0000
      0.0000	      0.0000	      0.0000	      0.0000
      0.0000	      0.0000	      0.0000	      0.0000
      0.0000	      0.0000	      0.0000	      0.0000
     -3.5218	     -2.1055	     -8.6130	      0.0000
      0.0000	      0.0000	      0.0000	      0.0000
      0.0000	      0.0000	      0.0000	      0.0000
      0.0000	      0.0000	      0.0000	      0.0000
      0.0000	      0.0000	      0.0000	      0.0000
      0.0000	      0.0000	      0.0000	      0.0000
      0.0000	      0.0000	      0.0000	      0.0000
      0.0000	      0.0000	      0.0000	      0.0000
     -2.0071	      0.0000	     -6.0128	     -0.4607
      0.0000	      0.0000	      0.0000	      0.0000
      0.0000	      0.0000	      0.0000	      0.0000
      0.0000	      0.0000	      0.0000	    -15.9192
     -8.4107	      0.0000	    -34.5497	      0.0000
      0.0000	      0.0000	      0.0000	      0.0000
      0.0000	      0.0000	      0.0000	      0.0000
      0.0000	      0.0000	      0.0000	      0.0000
      0.0000	      0.0000	      0.0000	      0.0000
      0.0000	      0.0000	      0.0000	      0.0000
      0.0000	      0.0000	      0.0000	      0.0000
      0.0000	      0.0000	      0.0000	      0.0000
      0.0000	      0.0000	      0.0000	      0.0000
      0.0000	      0.0000	      0.0000	      0.0000
      0.0000	      0.0000	      0.0000	      0.0000
      0.0000	      0.0000	      0.0000	      0.0000
      0.0000	      0.0000	      0.0000	      0.0000
      0.0000	      0.0000	      0.0000	      0.0000
      0.0000	      0.0000	      0.0000	      0.0000
      0.0000	      0.0000	      0.0000	      0.0000
      0.0000	      0.0000	      0.0000	      0.0000
      0.0000	      0.0000	      0.0000	      0.0000
      0.0000	      0.0000	      0.0000	      0.0000
      0.0000	      0.0000	      0.0000	      0.0000
      0.0000	      0.0000	      0.0000	      0.0000
      0.0000	      0.0000	      0.0000	      0.0000
      0.0000	      0.0000	      0.0000	      0.0000
      0.0000	      0.0000	      0.0000	      0.0000
      0.0000	      0.0000	      0.0000	      0.0000
      0.0000	      0.0000	      0.0000	      0.0000
      0.0000	      0.0000	      0.0000	      0.0000
      0.0000	      0.0000	      0.0000	      0.0000
      0.0000	      0.0000	      0.0000	     -8.7877
      0.0000	      0.0000	      0.0000	      0.0000
      0.0000	      0.0000	      0.0000	      0.0000
